function y = MatrixG(t,x)

 y=[5.6495 -1.1408 -0.3991 -2.8239 -0.4783 -0.2294 -i*sin(5*t);
    -1.1408 4.7393 -0.6880  2.1276 -1.9964  1.6156 -i*cos(5*t);
    -0.3991 -0.6880 3.3049 0.6073 0.0071 -0.8164 -i*sin(5*t);
    -2.8239 2.1276 0.6073 9.0250 -5.7920 -1.6932 -i*cos(5*t);
    -0.4783 -1.9964 0.0071 -5.7920 8.6618 1.7437 -i*sin(5*t); 
    -0.2294 1.6156 -0.8164 -1.6932 1.7437 1.5558 -i*cos(5*t);
    i*sin(5*t) i*cos(5*t) i*sin(5*t) i*cos(5*t) i*sin(5*t) i*cos(5*t) 0];