function G = MatrixG()

% HongQiaoTwo.jpg
% % HongQiaoOne_1 ==============================================
%      G = [0.550028671192296 * 2, 0.506399927604936 * 2, 0.471370027144414 * 2, 0.4;
%           0.506399927604936 * 2, 0.466445906777327 * 2, 0.434326042674922 * 2, 0.5;
%           0.471370027144414 * 2, 0.471370027144414 * 2, 0.404891099060835 * 2, 0.5;
%           0.4, 0.5, 0.5, 0];
% % ====================================================

% SingaporeOne.jpg
% SingaporeOneImprove ==============================================
     G = [0.014291027557479 * 2, 0.0201072668231757 * 2, 0.022121546577983 * 2, 0.535971969219038;
          0.020107266823176 * 2, 0.032841086558130 * 2, 0.036907129479603 * 2, 0.457030022516264;
          0.022121546577983 * 2, 0.036907129479603 * 2, 0.041809609880145 * 2, 0.451832609173293;
          0.535971969219038, 0.457030022516264, 0.451832609173293, 0];
% ====================================================

end